0.87032711
0.017209806
0.347826037
0.22501717
0.013506218
0.525522844
0.122316096
0.548918092
0.401416271
0.975472231
0.552467872
0.352428381
0.728081273
0.182547598
0.812668856
0.186156313
0.579609808
0.546975204
0.386009117
0.20818982
0.796516854
0.527641841
0.641297172
0.108262885
0.080228649
0.937780677
0.59274289
0.460840981
0.51507064
0.540346899
0.012767096
0.230514872
0.609878067
0.680730175
0.110556764
0.525294701
0.690561266
0.578425044
0.764449611
0.795393164
0.498179462
0.302732654
0.987614665
0.309178147
0.973420033
0.372179347
0.86404228
0.310287037
0.983524184
0.205072993
0.272377173
0.482649537
0.562142396
0.49780877
0.936197677
0.666833042
0.060418758
0.178120017
0.399507221
0.909608681
0.188975041
0.381371445
0.750944962
0.396588902
0.636193561
0.494812454
0.959580513
0.580173404
0.593885757
0.129488001
0.019088964
0.792985642
0.044646554
0.77133646
0.919003674
0.985916924
0.024724003
0.870538673
0.856683029
0.345070667
0.805279238
0.504414844
0.095692203
0.449416722
0.07256663
0.190607937
0.288028579
0.374582062
0.008355277
0.313345561
0.702002579
0.975250359
0.687022914
0.66919926
0.988527302
0.547769166
0.034687824
0.163081422
0.232073742
0.348256123
0.769894857
0.581841924
0.472486907
0.761220021
0.088888804
0.394835491
0.518728451
0.214120477
0.514873833
0.993640146
0.45097643
0.329668925
0.939437242
0.126466172
0.717033725
0.834247372
0.232701557
0.859644222
0.672642179
0.335019349
0.486854836
0.704981676
0.876739867
0.670369239
0.334699292
0.663292769
0.90972398
0.374516614
0.831726195
0.360568205
0.866521385
0.762162177
0.926593002
0.711801725
0.30092479
0.94566444
0.51605231
0.152100403
0.680082585
0.746983106
0.171135111
0.54821296
0.386903712
0.469631846
0.814236273
0.990643399
0.218507914
0.94232304
0.293188273
0.769680779
0.870042677
0.708225447
0.572199522
0.584109559
0.48187776
0.118773716
0.855725996
0.986251958
0.407243619
0.505546716
0.331670999
0.774995866
0.593801191
0.020467051
0.205343019
0.856039324
0.465051428
0.464994484
0.891033323
0.832620083
0.170064666
0.189955029
0.706572931
0.700729716
0.05720216
0.214634715
0.3000635
0.389666191
0.582310531
0.988841521
0.645987547
0.355904305
0.940140825
0.065238794
0.967787714
0.792957044
0.035926814
0.538473955
0.617164967
0.964898585
0.526045491
0.247089123
0.035354044
0.577303669
0.539357456
0.553219928
0.021021723
0.104774226
0.703805786
0.202298466
0.094309803
0.562476055
0.558325493
0.71545552
0.703073423
0.742675105
0.505522595
0.361888971
0.835409129
0.262017036
0.503173515
0.174392003
0.371169603
0.610184454
0.228992813
0.498058008
0.552657669
0.940515867
0.399301625
0.62763299
0.641299738
0.015595928
0.240386838
0.608358389
0.568034584
0.89643895
0.632857556
0.614009552
0.491166781
0.263762057
0.339813855
0.454561476
0.358547191
0.123735871
0.152982423
0.140680154
0.522750929
0.467976576
0.284917383
0.254572831
0.364625989
0.143397917
0.950853886
0.366198976
0.967548663
0.093564607
0.190064665
0.079462622
0.707973832
0.835107328
0.021538084
0.912160266
0.202548899
0.511492092
0.258167789
0.235019089
0.962810561
0.465527534
0.297969124
0.663994484
0.541888879
0.014600391
0.547780458
0.700031798
0.383338157
0.1359685
0.938486933
0.265856285
0.225887326
0.453457142
0.514263181
0.988327493
0.340297001
0.000306153
0.967924743
0.565301655
0.369441612
0.835644928
0.633747644
0.874512158
0.341264342
0.206014102
0.961748807
0.761974333
0.667840253
0.332399254
0.94693617
0.791866361
0.981784375
0.219773087
0.852042474
0.941404568
0.411009485
0.434588433
0.214320229
0.848802546
0.666063186
0.649305414
0.22408484
0.702271815
0.027258581
0.83937274
0.432681686
0.303067408
0.943409756
0.733728203
0.409448451
0.018322894
0.15910678
0.799659253
0.4141362
0.290614093
0.674540509
0.725302544
0.363677673
0.335855311
0.84129789
0.030134064
0.156293176
0.020026876
0.863655927
0.984552974
0.470239062
0.204912534
0.868987153
0.014130342
0.098160757
0.117206811
0.187885003
0.091582133
0.643913732
0.487912759
0.051745195
0.918394911
0.349182235
0.973550816
0.082178436
0.477612822
0.195438489
0.385722221
0.021731302
0.843683182
0.572452928
0.434989374
0.095300182
0.992459172
0.763312001
0.557779476
0.489619805
0.573556529
0.313415376
0.449261934
0.412472119
0.456357005
0.695114733
0.461753014
0.604564111
0.852545385
0.69850235
0.286049576
0.715691983
0.707640063
0.153278447
0.156210793
0.803283445
0.816253846
0.550794959
0.943767568
0.704574929
0.185213443
0.174627898
0.64599894
0.945221145
0.394726544
0.228344061
0.910129234
0.246381364
0.072648707
0.408452143
0.44257516
0.370517077
0.599081194
0.444251379
0.712411155
0.595904145
0.87724337
0.994100984
0.732811286
0.835830071
0.637713558
0.026429227
0.26446773
0.939573828
0.644868732
0.077619237
0.800215719
0.347998322
0.556311352
0.30578303
0.310912544
0.486244932
0.575430859
0.122337817
0.445896328
0.62437659
0.948821075
0.151145371
0.299990026
0.334912863
0.628167525
0.980139276
0.580659711
0.591057563
0.522756847
0.627537989
0.793170996
0.8235234
0.995241191
0.995103048
0.512268012
0.211970266
0.777424656
0.205102336
0.597331225
0.747898214
0.090320444
0.315591727
0.980248073
0.242965536
0.588974606
0.917753929
0.355165309
0.384327816
0.279273459
0.764839199
0.422054011
0.923284233
0.835382398
0.313265057
0.959425924
0.005135219
0.581600231
0.051696419
0.697643131
0.077721425
0.774847804
0.066693766
0.977691845
0.207731738
0.682742079
0.655051886
0.278132292
0.24510823
0.359607342
0.556945916
0.652535527
0.900930304
0.318856222
0.149102128
0.556538938
0.350388616
0.398632096
0.987868858
0.416528278
0.115108491
0.731778292
0.67633844
0.468277379
0.014944057
0.415809515
0.892368859
0.378184302
0.109225404
0.647385422
0.871098274
0.782643065
0.352978682
0.881377953
0.513179924
0.749591016
0.890833129
0.474224769
0.472278581
0.603134511
0.280111982
0.753169786
0.058142647
0.306909732
0.816515874
0.299998814
0.437303007
0.100139295
0.17885663
0.020500604
0.674788743
0.673401016
0.768517402
